160 1 1
2 1 1592
3 2 6793
4 2 8387
5 4 3524
6 5 5880
7 6 5510
8 6 2518
9 7 5203
10 9 8519
11 10 1120
12 8 3236
13 9 7146
14 13 5382
15 14 7421
16 12 4910
17 12 1023
18 13 3081
19 15 9870
20 16 5855
21 16 7736
22 19 9016
23 20 7041
24 19 7229
25 23 3521
26 23 8079
27 24 1336
28 25 9183
29 27 3209
30 26 4508
31 30 498
32 27 9988
33 32 9047
34 32 9795
35 32 2177
36 35 2025
37 36 5690
38 35 6526
39 36 1652
40 38 9744
41 40 2220
42 39 7497
43 41 7935
44 42 4833
45 40 219
46 43 4605
47 44 2747
48 45 71
49 47 8945
50 49 8286
51 46 5475
52 49 7042
53 51 3504
54 53 7718
55 51 3166
56 51 1998
57 56 4086
58 53 7790
59 57 1504
60 55 3957
61 60 3652
62 58 9028
63 62 2047
64 60 6127
65 63 2647
66 63 2897
67 62 2323
68 64 1501
69 66 6996
70 68 665
71 68 6861
72 69 3981
73 70 3173
74 72 8356
75 72 2943
76 74 5486
77 73 3103
78 75 5487
79 78 4179
65 77 2
42 29 4
37 6 13
54 32 10
57 34 8
15 72 20
34 25 4
7 24 7
76 20 26
78 7 25
20 46 13
32 44 7
37 44 4
77 69 6
45 68 10
60 5 19
22 46 9
67 43 10
46 16 14
8 50 21
71 16 18
42 72 10
36 43 6
76 49 10
29 18 9
23 6 8
4 63 26
14 53 16
60 38 12
41 2 16
34 73 14
68 35 13
38 6 14
70 62 5
30 32 5
25 1 11
17 42 14
26 12 7
76 73 6
4 40 19
22 55 13
14 33 9
1 31 14
52 8 16
17 64 16
48 50 5
20 34 7
5 63 24
69 64 7
45 28 8
7 57 18
53 38 9
6 44 16
39 63 9
30 62 16
4 51 21
45 37 3
74 59 7
62 59 4
45 73 11
14 45 9
12 6 4
36 25 8
20 64 19
2 51 23
77 31 17
45 27 6
61 40 7
64 48 8
16 47 12
32 21 10
34 42 8
13 67 22
5 1 3
18 28 8
72 34 17
35 62 14
40 43 3
50 27 11
33 40 7
38 18 7
53 65 6
9 
69 
324 1 1
2 1 5664
3 2 577
4 2 3502
5 3 1891
6 2 8882
7 6 9123
8 6 4220
9 4 1751
10 9 5589
11 8 4429
12 10 3684
13 12 5199
14 9 3401
15 13 3433
16 13 7411
17 12 4123
18 17 6173
19 17 4385
20 17 8943
21 20 950
22 21 484
23 21 8797
24 21 2602
25 22 8011
26 22 1624
27 24 1314
28 25 7828
29 27 846
30 28 6189
31 30 7697
32 28 926
33 30 2294
34 29 8204
35 31 1230
36 35 3779
37 36 7178
38 36 1813
39 38 2127
40 36 9630
41 38 7289
42 38 3009
43 39 4620
44 42 504
45 41 8496
46 41 8406
47 43 6607
48 47 856
49 46 6310
50 48 2434
51 49 1392
52 49 1505
53 49 9561
54 51 6728
55 50 1297
56 53 2710
57 55 4601
58 55 4158
59 54 7400
60 58 2203
61 58 6149
62 61 5308
63 58 9316
64 60 692
65 63 4741
66 61 2593
67 65 2978
68 67 4986
69 65 8774
70 69 4576
71 70 7743
72 69 6341
73 71 6688
74 70 274
75 74 9530
76 74 3596
77 76 1509
78 76 5078
79 78 578
80 77 3029
81 77 9192
82 80 6495
83 80 8140
84 83 5327
85 83 2160
86 84 6884
87 84 2695
88 85 5042
89 88 897
90 85 8529
91 87 4273
92 89 8164
93 89 1969
94 90 7990
95 93 5630
96 91 3331
97 95 1171
98 96 6423
99 96 4654
100 98 4555
101 98 5966
102 98 9679
103 99 9974
104 103 725
105 103 4650
106 104 2858
107 104 694
108 105 492
109 106 3766
110 107 9509
111 108 5898
112 107 9606
113 109 4367
114 110 1917
115 114 797
116 112 5297
117 115 6481
118 115 877
119 114 1556
120 118 2210
121 120 3498
122 117 2673
123 119 7125
124 121 6449
125 121 8266
126 125 6175
127 124 7354
128 123 411
129 128 4389
130 125 8990
131 130 3579
132 128 3775
133 130 6967
110 37 26
1 118 49
12 67 22
76 85 8
53 51 3
88 54 18
61 42 12
82 3 35
30 39 7
117 130 6
106 60 19
108 77 15
89 108 10
45 65 11
31 45 5
108 55 20
110 101 4
20 70 23
62 65 2
73 119 18
106 40 25
30 67 18
35 32 3
18 12 5
93 51 17
66 107 16
87 90 1
42 40 2
33 5 10
62 92 11
25 116 34
121 47 30
90 54 16
19 78 25
120 10 46
16 81 25
92 109 6
40 131 36
110 49 22
12 1 10
32 118 32
69 13 24
59 100 19
18 23 4
73 44 14
25 31 5
77 96 8
26 88 24
5 82 31
55 18 19
108 58 22
103 4 37
32 21 8
99 42 20
107 80 14
44 29 11
42 25 8
74 2 27
70 35 16
5 114 42
132 75 21
86 52 15
105 35 29
19 12 2
114 38 31
56 55 2
5 17 6
21 4 8
112 43 25
100 117 10
93 88 3
1 75 30
38 32 4
115 24 39
25 126 43
104 86 7
31 115 30
81 11 27
33 121 38
114 123 3
27 97 28
46 103 23
34 86 27
85 17 29
68 28 20
11 125 45
72 26 18
75 45 16
39 68 10
103 29 31
91 127 14
84 132 17
33 63 13
33 22 9
110 113 2
11 64 21
31 118 31
53 105 24
78 30 18
59 128 28
102 90 6
68 48 11
41 73 14
87 46 16
50 93 17
92 43 20
66 92 11
73 92 7
16 24 4
59 13 19
15 111 34
119 7 42
3 53 18
100 33 29
86 28 24
65 51 6
10 31 13
4 68 28
97 110 6
26 83 24
24 12 9
41 72 14
98 79 7
53 20 16
7 19 8
113 42 28
131 51 34
101 70 15
122 57 27
81 103 10
85 42 16
76 1 33
23 83 24
11 34 13
70 10 27
84 28 24
127 47 31
49 125 31
106 97 6
74 46 10
120 14 42
22 27 4
98 60 17
44 33 8
40 91 22
56 16 19
23 61 16
123 82 16
104 7 36
107 106 4
46 17 16
127 26 39
10 86 31
64 101 17
17 110 36
102 76 14
33 26 3
90 5 36
37 21 9
7 106 40
19 29 9
130 26 41
3 39 17
5 27 10
31 53 11
98 25 29
44 66 9
69 119 20
41 123 27
118 83 12
99 116 9
129 33 37
94 67 9
12 63 24
60 121 23
43 74 15
14 104 39
98 84 6
62 43 9
9 57 25
116 102 7
96 70 11
55 112 21
8 21 8
55 94 16
88 42 18
92 115 8
83 32 24
55 120 28
90 124 13
50 42 9
53 16 15
114 
34 
