1555 4 4
2 1 1674
3 2 2450
4 3 9085
5 2 5611
6 2 6740
7 6 823
8 3 272
9 5 3033
10 8 8262
11 8 5551
12 9 2207
13 10 7696
14 9 1420
15 14 4355
16 11 1695
17 13 9042
18 14 5327
19 17 6575
20 17 5942
21 16 4567
22 21 4070
23 19 6072
24 20 5
25 22 5063
26 24 784
27 23 9911
28 24 978
29 28 6208
30 28 4473
31 30 8182
32 29 753
33 30 7679
34 29 9675
35 32 2843
36 31 2330
37 36 7120
38 37 5921
39 36 1802
40 36 7518
41 39 1636
42 41 7952
43 41 7957
44 43 2737
45 44 4086
46 44 857
47 46 8816
48 44 8986
49 48 6799
50 47 9967
51 48 2149
52 51 2637
53 48 9473
54 49 3499
55 50 472
56 53 6221
57 52 2747
58 53 6010
59 55 3518
60 57 4053
61 57 1353
62 59 540
63 62 2538
64 62 4577
65 64 1420
66 65 971
67 62 3347
68 65 1075
69 67 6385
70 69 7658
71 66 4903
72 71 8234
73 71 9088
74 71 1802
75 74 9530
76 73 7011
77 76 4955
78 76 7679
79 77 971
80 78 2201
81 80 1698
82 79 7875
83 81 6138
84 81 3190
85 84 1586
86 81 2274
87 84 5229
88 83 5222
89 84 9007
90 88 6913
91 87 2805
92 91 7200
93 88 3343
94 90 1921
95 90 3150
96 92 3262
97 95 138
98 94 7101
99 94 780
100 99 6561
101 97 5513
102 99 2628
103 98 4880
104 100 8044
105 102 5987
106 102 3211
107 103 2252
108 107 1978
109 107 3761
110 107 753
111 106 9845
112 109 6365
113 110 6032
114 111 5509
115 112 7431
116 112 8933
117 116 981
118 115 6743
119 118 4676
120 115 5878
121 117 1829
122 118 8606
123 119 317
124 119 4008
125 121 939
126 121 535
127 126 6532
128 123 8637
129 128 3696
130 128 6673
131 130 8556
132 130 9373
133 130 9651
134 132 3489
135 132 8037
136 131 9482
137 136 7605
138 136 8661
139 138 3071
140 138 4178
141 138 2451
142 139 3504
143 140 240
144 142 3803
145 142 7898
146 143 4634
147 142 3950
148 144 3740
149 145 1118
150 146 3360
151 146 2883
152 149 4684
153 149 3864
154 153 4690
155 153 9116
156 154 3847
157 156 2074
158 155 6605
159 155 3563
160 158 6325
161 159 9503
162 158 1902
163 159 3382
164 163 9413
165 161 8998
166 165 2416
167 166 3188
168 166 1899
169 166 3356
170 166 5276
171 168 6147
172 168 3237
173 171 6751
174 172 7160
175 172 1041
176 174 1228
177 173 7566
178 177 6347
179 178 5877
180 178 6654
181 178 6750
182 178 8855
183 179 5936
184 179 4018
185 182 8527
186 184 2645
187 183 9881
188 187 6807
189 185 5127
190 186 3944
191 189 5168
192 187 7747
193 190 8408
194 189 4165
195 190 3468
196 192 338
197 192 942
198 197 8329
199 198 4349
200 195 4864
201 200 9175
202 197 7148
203 200 454
204 201 6788
205 202 9284
206 202 9085
207 204 1884
208 204 3805
209 205 3237
210 205 7502
211 209 8621
212 210 5500
213 208 9954
214 212 4935
215 211 5349
216 213 652
217 212 9072
218 217 6410
219 217 6862
220 215 6819
221 219 1246
222 220 3001
223 221 1442
224 222 4503
225 224 1037
226 221 1862
227 222 9357
228 224 5457
229 228 5379
230 226 2246
231 229 9017
232 228 2245
233 231 3795
234 229 1037
235 234 8375
236 233 3778
237 234 6245
238 235 5039
239 235 1786
240 238 9728
241 239 8451
242 239 8695
243 238 5815
244 242 4232
245 241 4722
246 242 8003
247 242 2640
248 246 9558
249 244 3490
250 245 139
251 247 50
252 250 9469
253 251 49
254 249 1801
255 254 723
256 255 2273
257 252 9392
258 255 9393
259 255 1419
260 257 9139
261 260 6568
262 257 9171
263 258 1693
264 263 6694
265 262 2329
266 264 6901
267 266 3345
268 263 6079
269 267 5225
270 265 909
271 268 1315
272 270 7381
273 269 16
274 271 4351
275 274 9115
276 274 5530
277 275 6887
278 274 8860
279 275 6180
280 277 1881
281 279 6864
282 277 2910
283 281 3194
284 282 760
285 283 6181
286 283 2960
287 283 1436
288 286 6170
289 288 6935
290 286 2542
291 288 8416
292 290 1449
293 291 247
294 289 2643
295 291 2688
296 294 157
297 292 2117
298 295 8808
299 296 636
300 296 5557
301 300 5824
302 298 2017
303 302 1913
304 299 2681
305 300 1574
306 302 5131
307 302 1246
308 303 2606
309 307 7344
310 309 7869
311 310 8863
312 307 2063
313 309 8090
314 309 2544
315 310 4700
316 312 5044
317 315 4677
318 317 521
319 316 9566
320 315 8714
321 320 2798
322 317 2813
323 318 8004
324 319 6369
325 320 6220
326 323 968
327 324 4393
328 327 2287
329 327 7970
330 327 362
331 329 7942
332 329 7000
333 329 1719
334 332 4260
335 333 480
336 332 6088
337 332 2806
338 336 7173
339 337 5771
340 337 8086
341 336 5957
342 337 1819
343 341 9603
344 343 5017
345 341 2674
346 341 1970
347 342 3176
348 347 545
349 348 6346
350 348 8546
351 346 5633
352 351 2767
353 349 7045
354 353 9919
355 350 7282
356 352 7848
357 356 1609
358 353 2205
359 357 7551
360 357 7272
361 356 9182
362 361 6351
363 361 2471
364 360 2668
365 363 3536
366 362 3990
367 366 1834
368 365 2776
369 365 1166
370 367 9664
371 369 7225
372 369 675
373 370 250
374 373 178
375 373 9735
376 373 1510
377 374 2244
378 373 471
379 378 6247
380 375 5503
381 376 187
382 379 5636
383 380 2556
384 383 2389
385 383 499
386 385 7612
387 383 9858
388 383 9396
389 385 4778
390 388 9169
391 386 6097
392 391 8293
393 390 5456
394 389 2007
395 390 9595
396 392 2287
397 395 4088
398 395 3413
399 394 3314
400 397 8527
401 396 9469
402 397 8468
403 402 6529
404 399 6366
405 400 3649
406 401 1314
407 406 6807
408 404 3640
409 408 6097
410 406 1938
411 408 9314
412 409 9682
413 411 1649
414 413 6341
415 412 1344
416 412 7491
417 413 1080
418 415 7665
419 415 6806
420 417 2803
421 418 8648
422 418 1901
423 420 340
424 420 7760
425 422 2903
426 423 479
427 426 7089
428 425 8787
429 424 2152
430 428 5868
431 426 3154
432 431 7256
433 432 8459
434 429 8809
435 434 1933
436 435 835
437 433 116
438 433 9388
439 438 6596
440 436 9946
441 440 8121
442 437 8023
443 440 2077
444 443 1441
445 442 3476
446 444 2664
447 443 8176
448 443 5149
449 446 4640
450 447 8177
451 450 5754
452 450 7638
453 451 7630
454 452 8362
455 453 7392
456 452 4873
457 454 8331
458 453 6173
459 455 8610
460 455 5655
461 457 5072
462 457 5127
463 458 420
464 460 4613
465 463 4313
466 464 9603
467 462 382
468 466 8743
469 465 9862
470 468 2578
471 468 3595
472 467 4704
473 472 8543
474 472 4038
475 470 2882
476 474 7598
477 476 1169
478 476 1599
479 477 1288
480 479 4040
481 476 597
482 478 7235
483 479 4712
484 479 8749
485 483 2437
486 484 6665
487 484 2810
488 486 4746
489 488 5768
490 487 5183
491 488 4770
492 489 6618
493 492 3542
494 492 5799
495 493 1632
496 491 7075
497 494 4366
498 495 6070
499 496 8342
500 498 6332
501 496 8013
502 498 2884
503 502 5663
504 502 8528
505 500 6493
506 501 5205
507 505 1486
508 504 1243
509 504 387
510 508 9203
511 506 5150
512 508 6609
513 509 8551
514 512 7712
515 510 3700
516 511 9534
517 513 4732
518 513 533
519 514 3689
520 519 1856
521 520 835
522 519 1276
523 518 86
524 519 501
525 523 2938
526 521 5645
527 522 7924
528 524 118
529 528 6631
530 529 7363
531 526 6617
532 527 700
533 529 9539
534 531 5094
535 534 440
536 532 9112
537 532 6215
538 537 5076
539 538 9177
540 538 3143
541 540 8425
542 538 3952
543 542 3434
544 541 5977
545 540 3398
546 541 5102
547 545 1768
548 547 617
549 545 2955
550 547 240
551 550 1754
552 550 603
553 552 2048
554 551 4300
555 552 4457
556 551 8940
557 555 5443
558 555 1539
559 557 5804
560 558 3319
561 558 2184
562 560 8612
563 559 6002
564 561 4771
565 564 9470
566 565 6324
567 566 4840
568 565 6443
569 567 4806
570 569 1223
571 567 7330
572 568 1643
573 569 3035
574 569 9833
575 574 1370
576 571 9637
577 572 1902
578 576 9898
579 575 4124
580 575 8847
581 576 1251
582 577 844
583 579 760
584 582 2303
585 580 6065
586 585 2893
587 583 4702
588 584 9531
589 587 8503
590 587 4206
591 588 9273
592 588 9923
593 591 4938
594 593 7224
595 591 7009
596 593 7542
597 594 6658
598 595 5284
599 594 5411
600 595 4415
601 597 3494
602 598 5362
603 602 683
604 601 689
605 602 7460
606 602 8294
607 604 9576
608 603 1235
609 608 5984
610 607 7961
611 608 2509
612 608 4277
613 612 6621
614 613 9227
615 610 6720
616 611 164
617 613 3310
618 614 5612
619 618 7602
620 615 9672
621 619 1322
622 618 9562
623 618 5899
624 622 9196
625 623 3012
626 621 6757
627 625 7534
628 627 7982
629 624 5539
630 625 9729
631 627 5203
632 629 1326
633 632 5538
634 633 8813
635 633 7307
636 634 5465
637 633 6071
638 635 8205
639 635 7663
640 637 14
641 640 5709
642 640 9347
643 639 8470
644 640 69
645 644 1662
646 644 3338
647 646 9720
648 646 4854
649 645 1289
650 648 7859
651 648 3182
652 648 9405
653 652 6531
654 651 1457
655 650 9804
114 232 42
482 170 99
9 591 188
217 413 63
540 54 155
339 445 34
259 423 49
298 612 97
96 319 73
233 327 30
372 386 7
400 580 63
489 523 11
575 333 78
390 327 24
127 6 44
327 512 59
536 159 117
299 404 29
498 542 12
477 334 46
577 489 31
362 481 39
616 624 7
309 268 19
642 68 183
584 229 113
152 393 78
204 176 11
336 480 44
56 43 9
308 283 10
363 290 22
20 450 141
82 42 18
99 574 152
103 285 62
532 558 12
90 309 72
448 566 43
328 368 13
426 462 11
516 443 24
302 142 52
400 190 64
146 611 147
138 152 6
181 588 127
520 45 153
13 323 106
147 304 51
482 252 68
176 10 61
526 412 41
438 650 72
352 638 95
362 369 4
279 509 71
186 191 3
226 485 84
90 503 134
113 177 25
299 278 9
543 394 49
182 371 57
336 50 96
630 249 121
639 481 55
194 32 60
292 58 80
580 41 178
321 484 52
174 164 5
494 262 72
486 290 63
81 470 123
446 170 87
136 584 141
132 315 64
323 31 100
434 3 138
234 599 115
305 439 40
600 634 17
652 246 126
375 261 39
620 94 168
33 127 39
278 649 116
566 571 3
517 593 29
514 385 44
296 591 91
224 114 42
454 324 40
127 500 120
71 223 53
198 317 38
393 139 78
48 240 67
443 441 1
139 252 38
475 482 4
170 483 97
164 131 14
532 23 168
538 379 54
545 378 56
481 280 59
215 195 10
146 96 16
200 149 17
159 211 19
420 409 6
329 86 80
146 168 8
31 590 181
548 40 164
583 654 26
216 332 40
512 207 96
387 222 52
350 426 27
497 535 18
327 381 20
313 454 44
649 122 168
231 522 93
207 649 137
452 160 88
302 182 42
122 233 40
310 545 74
475 364 35
172 368 59
338 317 6
36 386 120
297 125 59
134 298 54
640 16 203
85 577 154
449 503 19
330 337 6
467 398 24
121 437 101
548 516 15
57 350 97
544 337 67
411 74 105
157 465 97
620 376 79
335 441 31
138 145 3
303 546 76
210 476 80
5 312 105
244 414 55
566 251 102
165 210 14
282 481 63
521 306 72
164 129 14
626 541 30
53 647 196
303 168 48
52 150 36
15 103 33
267 14 91
608 511 36
653 417 78
407 310 28
300 9 104
334 284 20
247 224 8
177 646 145
590 495 33
312 586 89
187 116 27
436 457 11
497 406 34
424 558 46
278 176 30
464 590 44
264 203 24
552 209 106
472 62 129
264 465 63
349 109 77
362 572 69
332 354 8
291 95 65
181 264 26
451 48 128
536 441 33
126 28 35
233 284 18
414 577 56
5 373 124
165 49 40
187 74 42
148 631 150
70 33 18
43 219 64
604 424 64
102 559 147
615 343 90
350 520 54
314 239 23
49 309 90
395 335 17
377 521 49
388 486 35
259 220 15
556 504 19
226 536 100
496 262 75
634 532 34
552 544 3
244 8 86
145 492 111
72 511 140
557 22 176
607 192 130
524 336 58
259 644 124
397 37 116
77 593 167
515 156 116
112 205 31
520 635 36
37 459 137
551 267 88
206 479 84
373 597 71
107 403 96
41 412 122
401 626 75
79 421 108
350 48 103
524 325 65
102 260 54
554 453 35
474 648 60
42 372 110
464 140 101
2 449 148
143 497 114
272 245 10
387 223 53
18 182 62
628 64 183
344 66 94
206 420 64
582 579 4
434 608 62
597 599 4
334 179 48
95 500 128
332 313 7
590 652 19
198 498 95
89 205 38
154 584 133
72 166 33
500 271 73
530 273 79
464 202 83
448 652 69
559 121 142
546 232 101
174 296 43
188 440 73
515 474 21
66 256 63
422 494 25
307 132 59
474 132 107
160 142 8
557 548 5
11 497 158
221 411 61
108 342 77
307 529 72
559 299 84
19 602 187
31 223 67
629 224 130
534 624 30
104 81 7
588 485 36
102 10 34
135 205 26
84 451 115
257 265 6
147 43 39
617 137 153
473 593 43
297 223 27
575 69 168
313 289 7
125 276 51
332 388 21
332 106 73
117 452 105
470 290 57
123 314 66
243 570 108
325 125 68
611 267 108
534 278 83
551 645 31
547 49 162
597 646 16
562 459 37
137 395 83
8 537 174
535 559 7
88 167 32
147 345 65
356 200 49
474 229 72
523 590 24
499 460 14
330 572 77
409 227 57
71 70 6
35 648 197
471 83 122
291 460 54
50 440 124
31 331 100
225 200 10
601 569 12
72 646 184
455 249 66
251 286 12
399 652 84
111 203 35
319 25 101
412 431 7
36 516 154
151 95 22
201 394 60
550 4 175
171 18 58
465 343 38
87 543 146
144 533 120
624 420 66
300 590 93
609 236 116
601 242 116
207 465 77
151 372 69
72 354 95
305 604 94
91 142 20
177 408 70
241 74 58
226 191 12
221 156 20
136 330 63
482 480 3
418 389 12
111 466 115
112 289 63
127 325 68
287 492 65
574 406 59
224 434 63
216 247 11
572 401 54
431 476 17
183 166 10
17 392 127
343 424 27
534 121 135
228 650 136
302 521 68
260 30 83
220 450 72
111 152 20
500 510 3
613 129 151
371 506 40
178 406 73
584 594 4
117 627 164
82 485 128
519 339 58
591 603 4
616 552 24
372 27 112
499 548 20
335 628 97
160 253 30
311 551 76
420 201 67
591 482 38
68 43 10
629 145 150
226 353 44
465 288 56
281 211 25
154 621 148
624 488 45
450 507 23
469 260 65
140 325 59
552 423 46
601 219 119
606 483 44
489 567 27
529 198 104
17 50 15
419 206 64
285 65 74
116 138 11
478 566 36
573 95 153
528 30 161
156 251 30
598 277 103
562 273 90
652 153 160
97 518 132
370 149 72
47 335 94
335 578 77
563 285 88
573 375 68
408 549 49
397 74 103
437 313 37
60 81 12
360 599 80
623 396 74
605 606 5
487 49 138
384 416 13
149 412 82
119 390 88
633 250 119
139 547 129
207 416 64
97 312 72
78 468 123
133 462 106
339 464 40
293 177 38
236 601 114
154 345 58
301 362 20
138 4 47
338 523 59
395 371 8
71 457 121
143 127 6
110 292 65
322 644 100
331 97 77
499 5 161
376 458 25
254 329 26
424 392 8
99 183 35
152 466 97
188 553 115
410 387 9
596 321 85
606 61 175
191 197 5
549 92 145
519 205 97
231 380 48
82 324 77
384 434 16
412 364 15
520 98 134
522 417 39
49 406 115
550 358 63
365 234 40
260 189 23
552 199 108
592 434 53
163 11 54
393 169 71
105 200 33
130 46 34
175 63 42
460 596 46
585 225 117
116 175 24
426 233 59
372 384 10
169 84 33
305 135 55
176 72 38
579 471 42
517 73 144
1 391 129
465 235 72
439 614 60
638 506 47
406 600 61
13 549 171
161 12 55
560 82 151
523 553 16
274 302 10
566 254 100
442 55 122
43 45 3
86 211 46
36 103 28
581 270 102
55 27 14
514 346 58
416 488 25
294 595 91
173 199 9
263 247 9
619 34 192
309 373 18
319 523 63
363 177 60
292 555 84
343 308 13
445 314 42
600 503 33
221 423 63
207 648 139
251 424 51
297 572 88
565 160 126
1 13 9
346 570 77
461 385 23
103 436 104
560 526 11
533 351 62
339 213 41
630 388 76
377 558 60
455 542 28
517 17 162
631 543 29
462 63 129
493 320 53
304 124 62
443 44 131
353 410 19
537 462 28
599 44 181
463 471 8
515 210 95
61 89 16
379 596 70
74 351 89
288 164 44
337 489 48
592 99 155
82 557 152
432 182 79
273 52 76
462 73 124
125 143 9
644 276 116
148 412 82
86 517 139
307 506 58
287 590 98
390 328 19
423 379 15
457 448 9
335 651 99
422 614 67
398 9 129
346 79 84
124 296 61
290 580 92
262 61 69
626 574 16
405 184 68
286 472 53
291 211 28
147 55 33
257 21 81
173 254 29
556 85 148
549 475 23
480 439 16
391 555 53
63 256 68
87 423 104
395 431 10
523 515 2
54 406 115
649 153 159
111 175 25
583 350 75
471 592 40
548 578 11
478 535 24
254 222 11
578 509 24
535 488 19
185 360 53
620 553 25
427 27 133
516 16 158
337 5 114
344 260 31
653 18 208
135 200 23
280 365 26
142 83 22
93 99 4
581 221 115
258 105 53
611 605 7
372 486 40
632 42 188
249 330 27
263 179 25
185 624 136
68 177 40
355 253 30
402 369 14
379 283 28
630 485 46
382 41 114
627 492 44
66 235 59
113 216 36
148 22 47
229 194 12
120 15 39
536 289 78
375 454 26
93 347 82
522 52 155
619 175 138
371 638 87
403 326 24
564 570 6
448 267 53
441 196 75
143 468 104
86 518 137
100 614 165
257 29 79
641 480 57
137 341 65
109 406 94
432 347 28
456 501 17
208 322 39
229 383 47
553 370 58
273 338 20
650 598 20
376 388 5
4 338 110
458 309 47
127 383 81
163 337 57
119 632 164
113 282 58
175 274 31
82 552 151
348 192 50
299 654 112
575 379 68
568 168 125
649 223 137
8 395 126
94 564 147
456 387 21
367 502 45
115 516 127
59 1 25
475 363 35
74 118 20
486 125 117
345 116 77
456 478 8
190 8 66
544 362 59
253 339 29
99 328 77
30 170 53
412 379 13
151 606 145
274 594 105
479 65 131
38 412 123
305 374 25
561 192 118
174 426 77
460 152 96
554 617 24
1 235 85
372 74 97
484 82 126
88 173 30
625 562 19
473 272 62
440 612 56
288 107 61
608 330 87
23 45 13
369 449 29
481 548 25
567 415 53
619 284 109
455 415 18
221 45 62
616 125 155
420 636 74
412 520 37
477 594 40
574 247 104
497 232 85
22 396 128
330 297 10
8 501 157
80 370 91
513 473 19
358 290 22
178 499 97
336 69 92
307 379 23
514 518 1
62 183 48
274 600 105
415 447 14
365 348 10
398 648 84
406 77 108
25 585 184
548 357 62
592 303 92
444 310 41
548 261 90
411 207 62
424 488 26
545 445 37
341 67 94
134 281 49
228 96 42
154 56 38
535 323 67
319 51 92
111 107 1
411 144 84
573 523 19
171 554 123
251 649 124
423 243 57
434 511 29
228 64 60
327 510 61
201 458 80
427 349 27
167 211 16
191 590 129
314 50 91
203 149 22
148 321 58
640 9 208
584 478 37
344 41 105
589 116 154
331 304 7
650 398 85
265 425 51
390 329 19
296 621 102
635 36 196
106 579 152
244 194 19
510 207 96
542 258 89
212 131 28
434 442 6
165 6 56
212 301 31
138 123 8
384 513 43
387 467 23
206 179 10
563 279 90
411 560 53
55 309 84
579 416 56
447 89 112
220 307 32
315 246 27
50 91 15
281 251 15
477 464 6
103 6 40
374 19 119
137 272 45
466 334 44
45 300 88
264 338 23
196 48 52
434 116 101
305 36 95
181 122 25
227 638 130
93 442 110
351 99 82
88 654 183
430 97 104
16 138 45
173 72 38
141 213 24
101 361 82
536 612 29
84 190 38
446 19 138
255 553 96
295 625 103
363 19 114
496 552 21
514 9 164
206 433 74
422 622 69
435 640 70
306 312 4
143 296 50
486 387 30
99 544 145
525 536 3
184 523 102
270 543 86
28 568 177
34 170 52
215 589 120
407 333 24
88 69 14
358 240 37
94 411 101
602 137 149
138 36 38
274 34 84
372 191 58
51 547 163
83 39 20
182 454 85
346 495 48
345 151 65
570 23 182
319 516 59
10 87 31
638 302 105
37 413 123
512 462 22
286 270 7
541 108 140
635 488 50
134 409 86
424 550 42
430 35 127
444 344 33
141 484 107
135 515 124
436 619 60
214 236 10
583 140 142
248 91 52
222 402 54
550 376 59
575 177 130
375 209 55
230 94 44
521 605 25
203 468 80
539 496 20
97 357 86
189 555 117
487 1 158
480 328 50
134 94 17
195 645 143
302 548 80
515 118 128
25 477 150
277 431 46
161 58 43
404 500 33
602 536 25
643 291 112
304 643 109
280 627 112
552 487 27
504 587 28
178 10 141 638 
455 231 619 19 
1540 4 4
2 1 2008
3 2 9635
4 3 9032
5 1 8573
6 1 3612
7 2 7
8 5 682
9 8 7940
10 7 3224
11 8 9520
12 11 3973
13 10 6166
14 13 7998
15 12 1294
16 12 3513
17 15 6871
18 15 3567
19 18 9201
20 16 7382
21 20 8420
22 18 5533
23 22 1803
24 20 8549
25 20 129
26 25 5285
27 26 9248
28 24 5318
29 28 4797
30 29 7336
31 28 9686
32 30 5429
33 32 2092
34 33 6075
35 32 2595
36 35 6034
37 35 4817
38 36 1225
39 36 6423
40 37 3874
41 38 5744
42 41 3171
43 38 2287
44 39 6570
45 42 4293
46 42 1251
47 42 4111
48 45 6230
49 44 8276
50 46 2055
51 50 8469
52 51 8186
53 48 2528
54 52 2503
55 51 9347
56 51 9086
57 56 9368
58 56 6382
59 55 1569
60 55 8833
61 57 7537
62 59 8020
63 60 9633
64 61 1618
65 60 3994
66 64 9627
67 65 8709
68 64 4284
69 66 8180
70 69 5977
71 69 1515
72 67 7192
73 72 7467
74 69 1241
75 73 2330
76 73 6505
77 76 4431
78 73 1418
79 78 3844
80 78 7819
81 79 4562
82 79 3584
83 79 6737
84 80 9662
85 82 2355
86 85 6281
87 86 301
88 84 4682
89 84 4272
90 86 9118
91 89 6373
92 88 524
93 89 605
94 93 5300
95 93 621
96 91 7021
97 95 1634
98 96 2001
99 98 3746
100 95 1781
101 97 4230
102 101 4349
103 98 7659
104 101 2746
105 100 7176
106 102 271
107 105 3790
108 103 6446
109 104 222
110 106 3796
111 110 2143
112 108 9805
113 108 8653
114 109 2039
115 110 9116
116 114 7520
117 114 1095
118 116 3657
119 118 4677
120 119 8562
121 120 966
122 119 3869
123 122 2009
124 122 786
125 120 2540
126 125 1438
127 125 8039
128 123 7940
129 126 3759
130 129 5710
131 127 601
132 128 8528
133 128 3148
134 132 3003
135 131 4605
136 131 9475
137 133 4834
138 133 3505
139 134 7661
140 135 9998
141 136 127
142 141 9269
143 141 6599
144 140 4061
145 141 4471
146 143 5626
147 144 608
148 145 9411
149 147 7364
150 148 2055
151 147 4083
152 147 7329
153 149 2093
154 151 9891
155 152 5907
156 155 5378
157 156 9777
158 156 6249
159 155 169
160 156 7819
161 159 4992
162 160 7172
163 159 5317
164 162 7567
165 161 4902
166 162 5698
167 163 5249
168 166 7380
169 168 30
170 169 9776
171 170 6265
172 170 1649
173 168 9109
174 172 6360
175 171 9061
176 174 6838
177 173 9178
178 177 127
179 174 5212
180 178 5196
181 178 3277
182 180 4071
183 181 2551
184 181 56
185 183 4551
186 184 5979
187 186 6885
188 187 1218
189 184 3461
190 185 8592
191 190 4209
192 187 6914
193 189 4853
194 193 2362
195 192 6354
196 192 2054
197 195 1275
198 194 3543
199 196 170
200 196 6958
201 200 983
202 198 3754
203 198 2015
204 201 4853
205 202 1471
206 205 1173
207 204 9798
208 206 1320
209 208 1925
210 205 3068
211 206 6234
212 207 8713
213 210 3980
214 213 9707
215 212 655
216 214 2632
217 216 436
218 217 3768
219 215 5145
220 216 7130
221 218 608
222 221 9604
223 221 2574
224 222 6179
225 221 5570
226 221 4889
227 224 1598
228 223 7820
229 227 6398
230 227 6047
231 227 7757
232 230 6006
233 231 64
234 229 6895
235 234 7912
236 231 3202
237 236 6677
238 237 55
239 238 5117
240 238 3179
241 238 2159
242 239 2902
243 239 2557
244 240 4373
245 243 867
246 242 9176
247 245 3664
248 244 436
249 248 2786
250 248 5010
251 249 8713
252 248 5752
253 250 573
254 251 7397
255 254 16
256 254 8074
257 252 4614
258 253 5276
259 256 8297
260 256 1083
261 260 1194
262 259 5636
263 262 5126
264 263 4431
265 264 9839
266 265 543
267 263 4061
268 266 9077
269 265 4264
270 268 4265
271 267 4391
272 267 3374
273 271 7448
274 272 2818
275 272 7955
276 272 7977
277 275 5635
278 276 8096
279 275 4246
280 275 5210
281 276 2568
282 279 1117
283 281 4231
284 280 8936
285 283 4776
286 283 4579
287 285 4775
288 284 2209
289 285 4502
290 289 1098
291 288 4920
292 288 7902
293 290 7083
294 290 4036
295 293 6908
296 293 1514
297 293 7036
298 294 4225
299 297 6726
300 297 1862
301 300 6149
302 298 5451
303 302 1616
304 302 3810
305 301 807
306 303 3680
307 303 9792
308 305 8034
309 304 9998
310 306 2941
311 310 8223
312 310 6936
313 310 3944
314 311 525
315 311 780
316 311 9798
317 314 3564
318 317 5818
319 316 2622
320 317 5422
321 317 74
322 317 8331
323 320 8553
324 322 4906
325 324 4025
326 323 5068
327 323 5857
328 324 4125
329 328 1033
330 325 1123
331 329 5633
332 331 488
333 332 3717
334 333 2910
335 332 8776
336 332 4870
337 336 2673
338 337 1510
339 337 3820
340 335 2406
341 336 6991
342 338 6963
343 341 5454
344 339 2443
345 342 1447
346 342 9828
347 346 6403
348 344 349
349 347 7455
350 345 3651
351 346 8576
352 348 6565
353 349 7380
354 350 1819
355 350 835
356 352 9673
357 354 4148
358 356 9270
359 357 6109
360 356 4523
361 360 304
362 357 8484
363 362 125
364 359 2022
365 363 4946
366 361 9411
367 364 5757
368 363 1498
369 364 3650
370 365 1029
371 367 2886
372 370 3293
373 369 8353
374 369 7900
375 373 6432
376 372 7167
377 373 2144
378 373 8814
379 375 8949
380 375 9138
381 380 3604
382 377 5210
383 378 5459
384 382 2868
385 380 5694
386 383 7289
387 385 831
388 386 3624
389 384 2934
390 385 9567
391 390 4582
392 390 3403
393 392 3271
394 393 6475
395 391 1039
396 393 329
397 396 9835
398 397 7240
399 395 335
400 399 2762
401 399 5237
402 397 5488
403 402 3241
404 400 3112
405 400 9283
406 404 7706
407 406 4225
408 405 2937
409 408 5032
410 409 7795
411 408 9775
412 411 9589
413 408 9821
414 409 9405
415 412 4952
416 412 6011
417 413 8789
418 415 6448
419 414 2656
420 416 4416
421 417 5823
422 419 3399
423 421 8973
424 419 2020
425 423 9681
426 423 5307
427 422 3352
428 423 5341
429 427 9299
430 426 7975
431 429 3908
432 427 1893
433 431 8049
434 430 4353
435 431 439
436 434 8827
437 433 7757
438 434 1982
439 435 3238
440 438 4179
441 437 313
442 439 1851
443 439 5561
444 443 2081
445 444 245
446 444 4951
447 442 1718
448 445 6784
449 445 2212
450 447 4993
451 447 4337
452 447 1992
453 451 3402
454 450 4721
455 453 9551
456 455 925
457 452 6921
458 455 7657
459 456 7669
460 456 140
461 460 778
462 458 8651
463 462 1523
464 463 4662
465 460 9794
466 465 5738
467 462 1590
468 467 6854
469 466 699
470 467 9431
471 470 1189
472 467 3521
473 471 2450
474 473 8627
475 474 4161
476 475 2510
477 476 5353
478 476 6078
479 478 441
480 476 5084
481 478 2548
482 479 3424
483 479 376
484 480 2428
485 484 5353
486 481 4661
487 483 6132
488 486 7445
489 487 4652
490 489 7587
491 489 5081
492 491 1967
493 491 4387
494 491 6380
495 490 9956
496 491 3814
497 495 4651
498 493 7842
499 498 7184
500 497 5277
501 500 2721
502 498 5538
503 499 6500
504 502 6260
505 504 366
506 502 726
507 505 7616
508 505 3661
509 505 7700
510 505 9894
511 507 8358
512 510 387
513 509 6410
514 511 5565
515 512 3996
516 515 3873
517 514 5278
518 515 4813
519 515 6683
520 515 4113
521 517 5913
522 518 5007
523 521 4507
524 519 1642
525 524 7681
526 525 6418
527 523 1392
528 527 2408
529 526 2247
530 526 7052
531 528 1547
532 530 9540
533 531 1799
534 532 4060
535 534 6082
536 533 9043
537 536 6790
538 536 6978
539 534 9415
540 537 7526
541 536 652
542 541 7836
543 540 3452
544 540 1716
545 542 3944
546 544 2174
547 543 5630
548 545 2903
549 545 7822
550 548 6318
551 548 2074
552 551 6132
553 550 990
554 551 3901
555 551 8608
556 554 7004
557 553 1637
558 555 5766
559 556 6893
560 559 4321
561 558 6201
562 559 5658
563 562 6731
564 561 9306
565 562 1354
566 565 7974
567 564 6489
568 567 8468
569 564 7682
570 566 1779
571 570 9202
572 567 264
573 570 5460
574 571 9850
575 572 2340
576 573 394
577 572 5375
578 577 4070
579 576 2298
580 577 6187
581 578 9721
582 581 4277
583 578 6682
584 579 1068
585 584 5839
586 585 6770
587 584 4845
588 583 5691
589 588 3525
590 585 4488
591 587 9325
592 590 6788
593 589 2304
594 590 8908
595 590 2682
596 591 1983
597 596 2441
598 595 6948
599 597 8433
600 595 8885
601 600 4279
602 597 4944
603 598 5293
604 599 1393
605 600 7715
606 601 9087
607 605 2141
608 603 6912
609 605 4610
610 606 8877
611 610 7029
612 607 6137
613 610 2636
614 612 8510
615 614 3715
616 612 1326
617 614 2159
618 614 7648
619 614 6891
620 618 5366
621 616 9897
622 620 8076
623 621 6670
624 619 6855
625 621 2507
626 621 1271
627 622 5201
628 626 7806
629 628 7475
630 628 5011
631 629 54
632 629 6673
633 629 265
634 632 3775
635 633 5653
636 634 6051
637 633 163
638 635 1910
639 637 785
640 636 2071
641 640 9353
642 640 6586
643 642 3484
644 640 3352
645 642 6890
646 641 529
647 646 7631
648 643 8825
649 646 4395
650 646 2395
651 649 138
652 650 3313
653 652 9829
654 653 5164
655 652 117
656 653 8589
657 653 3435
658 657 3798
659 656 1707
660 659 1857
661 660 2066
662 660 574
663 659 1604
664 661 6552
665 661 9690
666 662 175
667 663 9708
668 667 9133
669 668 5352
670 668 9666
671 668 5367
672 669 2306
673 669 3380
674 670 1647
675 672 1906
676 673 9844
677 676 2139
678 674 9055
679 674 3133
680 675 2193
681 677 215
682 679 9684
683 679 424
684 681 1755
685 681 411
686 682 2514
687 686 1455
688 685 3842
689 687 5807
690 688 9721
691 688 247
692 687 8400
693 689 1827
694 689 7054
695 691 1962
696 694 4013
697 695 8951
698 694 505
699 696 6275
700 697 1047
701 696 1903
702 698 5176
703 701 3350
704 703 5288
705 703 4148
706 705 5931
707 704 719
708 703 3654
709 707 446
710 707 2978
711 708 135
712 711 6682
713 711 6604
714 709 9106
715 714 8560
716 711 5569
717 712 4723
718 715 8633
719 715 7177
720 716 2697
721 716 8318
722 721 8373
723 719 6657
724 720 4207
725 724 2469
726 721 6629
727 723 2073
728 726 2009
729 726 5464
730 729 928
731 730 1205
732 729 7439
733 728 5289
734 730 5467
735 734 8653
736 732 2025
737 736 2595
738 735 4917
739 738 8291
740 736 8950
741 738 3077
742 741 5022
743 740 5654
744 740 652
745 744 6752
746 745 4599
747 743 4512
748 747 7614
749 748 2334
750 747 8668
751 749 4667
752 750 2234
753 751 7513
754 750 13
755 752 453
424 289 47
221 107 42
705 362 116
324 682 119
172 264 35
503 3 168
527 402 46
696 421 96
637 103 179
387 334 19
708 217 165
135 694 188
466 76 127
41 695 219
278 315 15
205 311 39
123 722 200
392 438 17
452 659 72
167 449 95
508 79 145
476 504 11
92 254 59
30 107 27
376 171 70
531 255 91
154 689 180
112 679 189
574 484 37
62 676 203
691 600 30
513 590 32
176 747 189
591 633 15
422 721 99
627 663 15
590 77 175
329 560 83
66 524 149
452 479 17
262 201 26
704 237 158
673 733 21
453 373 28
326 364 15
636 546 31
710 420 98
304 360 22
596 244 121
655 565 31
272 398 42
18 72 21
171 319 54
697 465 82
3 247 86
402 52 114
187 587 136
627 234 132
532 339 65
665 113 189
243 740 161
572 433 48
307 503 67
376 203 66
448 348 35
146 688 185
566 272 104
174 329 57
365 109 88
214 199 7
655 743 29
690 341 120
339 116 80
467 595 47
381 523 50
278 198 34
310 676 121
608 218 134
432 377 16
392 547 55
142 440 98
92 35 20
14 584 194
70 598 177
532 115 144
646 286 118
601 594 3
198 517 110
604 440 59
656 533 41
85 459 123
597 31 191
55 619 188
90 625 175
419 157 89
471 445 7
339 613 88
510 520 5
753 538 69
704 487 74
201 93 38
405 441 11
495 719 78
221 377 57
640 587 15
71 543 160
74 659 193
109 156 20
211 21 62
533 278 89
170 382 75
509 106 136
237 553 108
690 504 63
34 408 123
42 699 218
56 520 155
390 160 77
668 487 64
45 244 69
669 484 68
37 579 182
166 305 53
11 614 203
101 96 5
685 283 135
245 16 82
717 557 55
584 256 112
676 18 222
118 115 1
592 733 43
91 6 31
269 246 13
653 234 139
8 698 233
679 458 78
465 266 59
267 213 25
154 415 90
277 178 41
619 322 99
536 476 27
150 56 29
622 163 155
7 108 33
708 666 13
528 393 51
395 511 40
439 336 34
476 402 25
219 175 15
253 38 70
670 591 27
279 613 113
100 523 147
441 753 107
95 635 181
672 440 83
255 185 26
733 543 60
390 541 55
499 666 56
65 344 99
312 648 115
172 1 57
676 233 152
656 358 100
109 149 18
67 258 62
302 127 63
146 41 32
547 568 9
112 296 67
657 168 168
322 35 100
106 656 184
360 510 52
524 127 135
157 737 193
8 593 199
334 216 50
202 264 31
381 298 32
654 726 24
484 263 72
128 289 57
236 319 34
750 546 62
532 158 129
44 743 231
60 311 85
641 188 151
395 286 39
746 143 203
476 660 65
258 720 151
169 28 50
383 740 119
50 538 164
403 61 116
320 637 106
181 569 135
595 729 45
75 235 52
628 417 71
503 184 108
738 266 150
693 458 83
615 297 106
412 115 103
666 396 91
48 681 213
683 221 153
437 662 81
10 331 110
491 337 54
142 526 129
395 87 99
493 634 50
47 274 75
618 469 54
265 529 85
468 712 88
93 495 135
592 93 173
294 516 76
682 101 194
239 693 149
82 176 34
372 470 29
381 498 43
475 410 25
478 742 87
97 548 154
592 43 185
734 298 142
137 236 38
222 611 130
73 473 131
22 50 11
189 266 34
252 101 55
640 579 18
329 251 26
464 635 57
356 672 107
103 179 28
511 512 4
588 165 147
708 460 85
539 468 28
342 138 77
395 590 72
36 9 12
94 570 161
533 589 22
659 372 93
709 387 107
490 502 5
358 170 64
251 348 37
697 665 15
191 74 37
174 101 29
201 228 13
718 256 155
425 23 134
251 607 120
345 121 76
347 567 72
350 574 77
460 511 20
128 441 106
490 35 155
564 714 52
93 195 33
719 85 213
696 367 112
129 709 197
414 708 102
422 630 74
462 682 80
272 391 40
328 356 11
234 747 168
37 715 227
597 171 147
356 534 60
736 609 39
296 720 137
618 389 81
63 78 9
744 644 35
283 182 35
745 663 26
19 547 181
37 26 6
189 116 28
101 556 156
448 173 93
721 143 191
227 729 165
374 14 124
409 132 97
416 484 24
614 738 43
485 203 96
625 242 129
194 722 178
549 191 121
419 229 64
545 578 14
562 601 13
611 276 115
63 524 151
648 736 30
15 105 28
521 509 7
270 212 30
51 649 199
673 686 8
347 385 10
549 251 103
502 246 89
647 501 50
88 71 5
718 311 135
326 696 125
728 282 148
514 243 93
213 608 138
644 154 168
727 113 210
552 229 113
655 585 25
655 206 155
336 17 108
253 424 57
476 365 36
740 586 46
581 608 8
59 290 76
326 103 80
48 682 207
182 56 43
77 69 6
82 258 59
28 653 208
142 661 176
736 573 53
454 358 31
286 153 47
130 211 27
46 176 46
488 344 50
491 313 59
708 622 32
708 286 139
101 420 110
257 76 58
326 575 84
677 415 90
706 99 204
203 387 69
3 613 206
560 19 182
456 737 93
272 283 4
398 354 17
600 190 138
52 166 37
739 512 73
220 654 148
318 218 38
625 274 117
318 365 18
229 650 141
438 327 37
408 696 100
426 607 65
694 166 176
574 681 37
690 25 222
256 534 96
222 734 172
276 738 155
556 430 47
335 560 76
449 715 94
500 145 121
601 318 96
267 329 22
368 348 7
167 434 92
309 384 27
590 123 160
128 130 2
519 13 171
484 173 107
306 423 37
101 93 4
111 452 114
118 496 127
15 435 142
377 588 70
175 683 170
235 470 75
44 106 23
52 261 71
383 4 125
375 98 98
384 173 72
191 132 24
298 513 75
737 587 49
289 616 110
381 17 125
255 493 82
516 744 71
561 205 124
256 501 84
286 2 97
565 592 9
632 129 169
372 165 75
508 54 148
600 253 118
566 590 9
22 441 138
191 370 63
524 43 159
124 95 13
143 201 24
224 509 96
714 372 116
144 442 103
478 167 109
269 341 24
706 715 7
144 382 83
675 39 214
274 350 30
309 81 77
474 619 53
147 65 27
44 715 222
207 198 4
602 53 185
88 674 198
447 704 92
625 480 50
147 749 203
722 369 119
405 26 127
16 119 38
690 485 73
649 725 29
538 737 65
78 11 25
666 617 22
445 636 66
522 286 81
665 553 37
411 87 104
469 177 97
108 583 163
381 741 118
272 576 103
358 492 46
322 635 106
99 593 165
609 244 124
613 415 68
241 297 24
292 177 44
244 403 56
230 603 124
26 472 149
91 572 164
434 85 116
139 406 89
1 308 103
424 554 52
457 116 113
535 209 116
153 29 41
695 149 186
715 571 49
514 448 28
52 570 175
243 576 115
238 474 76
437 171 90
636 147 168
344 124 80
34 202 53
571 508 27
613 132 165
386 267 37
526 103 145
599 137 161
558 601 15
299 459 51
284 569 99
48 750 230
447 456 6
84 376 103
366 129 84
1 346 119
668 448 79
416 296 38
341 425 27
343 458 38
101 77 9
577 493 31
133 24 40
219 259 20
332 250 32
611 460 57
740 326 137
371 382 5
667 681 8
14 28 8
42 122 28
701 629 24
236 544 108
34 157 39
418 661 83
349 472 35
151 142 5
272 350 31
393 556 59
255 683 142
510 570 27
437 162 95
355 576 79
196 598 136
217 273 25
490 197 103
728 43 227
230 166 23
89 37 16
535 591 18
308 657 116
200 691 169
405 379 12
89 526 147
286 628 112
146 66 27
435 751 106
516 392 45
23 548 178
30 370 118
325 91 84
611 26 200
679 671 5
465 565 43
73 63 7
23 458 146
469 293 55
513 282 81
225 69 50
280 110 61
125 657 178
368 701 111
356 291 26
688 516 57
367 160 72
697 575 41
63 260 70
595 32 187
532 656 45
711 107 205
512 502 5
390 223 57
555 252 102
167 591 146
432 293 46
245 138 40
334 415 27
630 383 82
552 605 15
131 686 183
521 253 89
268 418 47
652 684 14
595 660 26
32 432 132
612 314 101
196 238 17
678 617 23
295 273 8
75 46 11
45 367 111
344 515 60
441 451 2
348 693 112
350 640 95
416 337 25
645 144 169
560 742 58
727 119 202
362 505 50
52 251 66
629 177 152
115 439 107
105 710 207
331 734 133
544 283 93
545 380 60
470 432 16
73 451 124
403 407 2
629 630 2
391 81 105
737 576 53
148 398 90
110 251 49
593 547 17
612 20 198
410 599 64
557 649 30
53 71 9
16 188 60
408 279 43
747 116 211
268 328 18
576 26 190
731 184 186
352 61 96
534 597 24
125 2 44
397 56 116
702 736 10
301 248 23
182 520 114
624 142 161
648 416 82
168 649 163
101 572 161
134 353 77
360 470 37
701 361 115
468 255 67
347 250 36
309 90 74
453 241 67
368 688 108
300 440 46
33 350 106
329 195 47
575 505 23
262 374 38
239 424 61
375 32 116
143 211 23
334 590 86
314 303 7
23 106 28
24 57 16
245 117 47
413 242 54
616 395 75
168 407 86
91 260 57
226 249 14
557 168 135
538 670 47
598 258 119
498 511 10
229 362 48
196 236 17
211 81 39
39 404 122
699 72 208
149 581 149
647 303 113
449 288 55
172 180 1
114 689 196
297 105 69
146 137 7
212 380 59
558 383 64
355 111 86
382 335 15
186 4 61
309 548 85
196 411 76
554 678 42
407 669 89
196 749 182
419 488 28
324 597 94
99 753 216
694 594 36
380 463 26
525 168 123
389 660 95
333 693 118
681 605 27
65 5 22
495 131 125
486 456 13
488 413 29
66 538 156
281 464 63
453 280 56
135 539 136
1 256 89
461 648 65
453 389 21
725 324 133
476 555 32
356 633 94
414 427 6
44 53 9
270 502 77
117 513 138
201 696 169
328 469 49
306 717 135
147 499 124
415 351 20
713 96 208
583 625 17
377 599 78
666 460 75
661 257 137
548 305 83
418 210 77
510 267 80
85 449 122
619 362 86
136 677 183
117 703 200
95 704 203
193 538 119
126 30 34
247 224 9
640 616 8
455 297 53
525 486 18
473 671 72
474 582 41
541 552 10
112 348 86
585 97 169
20 241 74
562 656 32
661 460 70
231 632 132
253 192 27
438 618 64
694 367 108
667 692 11
647 716 22
162 336 66
409 292 39
435 668 83
172 728 184
475 506 11
429 294 42
540 266 94
597 123 162
259 560 101
321 496 58
549 327 78
336 472 44
304 534 78
531 264 88
605 754 49
516 97 140
531 609 26
262 28 83
612 341 92
440 561 49
125 413 97
234 95 50
715 210 173
117 365 88
486 25 154
526 635 36
405 335 20
525 39 162
374 477 495 515 
57 236 29 184 
